camera_matrix:
  rows: 3
  cols: 3
  data:
    - 932.26493063444639
    - 0
    - 330.19524890879342
    - 0
    - 1007.8855671234329
    - 486.60538769888888
    - 0
    - 0
    - 1
dist_coeffs:
  rows: 1
  cols: 5
  data:
    - 0.045371871707201993
    - 0.039108975765259735
    - 0.0049944169497476926
    - -0.0019256602885077963
    - -0.29845764193477348